{
 "cells": [
  {
   "cell_type": "markdown",
   "metadata": {},
   "source": [
    "# 4.2.5 Boston Marathon Challenge\n",
    "\n",
    "<em>From the challenge:</em>\n",
    "\n",
    "<blockquote>Specifically, use the tools at hand to determine which clustering solution, including number of clusters and algorithm used, is best for the marathon data. Once you have a solution you like, write a data story, including visualizations, where you teach the reader something about the Boston Marathon based on your clusters. Write up your report, including your process from start to finish, in a Jupyter notebook and submit it below.</blockquote>\n",
    "\n",
    "Data is from [here](https://github.com/llimllib/bostonmarathon)"
   ]
  },
  {
   "cell_type": "code",
   "execution_count": 1,
   "metadata": {},
   "outputs": [],
   "source": [
    "import numpy as np\n",
    "import pandas as pd\n",
    "import scipy\n",
    "import matplotlib.pyplot as plt\n",
    "import seaborn as sns\n",
    "%matplotlib inline\n",
    "\n",
    "from time import time\n",
    "\n",
    "from sklearn.model_selection import train_test_split\n",
    "from sklearn.model_selection import StratifiedKFold\n",
    "\n",
    "from sklearn.cluster import KMeans\n",
    "from sklearn.preprocessing import normalize\n",
    "from sklearn.decomposition import PCA\n",
    "from sklearn.cluster import MiniBatchKMeans\n",
    "\n",
    "from sklearn.metrics import classification_report\n"
   ]
  },
  {
   "cell_type": "code",
   "execution_count": 2,
   "metadata": {},
   "outputs": [
    {
     "data": {
      "text/html": [
       "<div>\n",
       "<style scoped>\n",
       "    .dataframe tbody tr th:only-of-type {\n",
       "        vertical-align: middle;\n",
       "    }\n",
       "\n",
       "    .dataframe tbody tr th {\n",
       "        vertical-align: top;\n",
       "    }\n",
       "\n",
       "    .dataframe thead th {\n",
       "        text-align: right;\n",
       "    }\n",
       "</style>\n",
       "<table border=\"1\" class=\"dataframe\">\n",
       "  <thead>\n",
       "    <tr style=\"text-align: right;\">\n",
       "      <th></th>\n",
       "      <th>10k</th>\n",
       "      <th>name</th>\n",
       "      <th>division</th>\n",
       "      <th>25k</th>\n",
       "      <th>gender</th>\n",
       "      <th>age</th>\n",
       "      <th>official</th>\n",
       "      <th>bib</th>\n",
       "      <th>genderdiv</th>\n",
       "      <th>ctz</th>\n",
       "      <th>...</th>\n",
       "      <th>overall</th>\n",
       "      <th>pace</th>\n",
       "      <th>state</th>\n",
       "      <th>30k</th>\n",
       "      <th>5k</th>\n",
       "      <th>half</th>\n",
       "      <th>20k</th>\n",
       "      <th>country</th>\n",
       "      <th>city</th>\n",
       "      <th>40k</th>\n",
       "    </tr>\n",
       "  </thead>\n",
       "  <tbody>\n",
       "    <tr>\n",
       "      <th>0</th>\n",
       "      <td>17.37</td>\n",
       "      <td>Yamamoto, Hiroyuki</td>\n",
       "      <td>8</td>\n",
       "      <td>47.67</td>\n",
       "      <td>M</td>\n",
       "      <td>47</td>\n",
       "      <td>85.25</td>\n",
       "      <td>W1</td>\n",
       "      <td>8</td>\n",
       "      <td>NaN</td>\n",
       "      <td>...</td>\n",
       "      <td>8</td>\n",
       "      <td>3.27</td>\n",
       "      <td>NaN</td>\n",
       "      <td>59.18</td>\n",
       "      <td>8.02</td>\n",
       "      <td>39.72</td>\n",
       "      <td>37.65</td>\n",
       "      <td>JPN</td>\n",
       "      <td>Fukuoka</td>\n",
       "      <td>80.43</td>\n",
       "    </tr>\n",
       "    <tr>\n",
       "      <th>1</th>\n",
       "      <td>32.58</td>\n",
       "      <td>Jeptoo, Rita</td>\n",
       "      <td>1</td>\n",
       "      <td>82.43</td>\n",
       "      <td>F</td>\n",
       "      <td>33</td>\n",
       "      <td>138.95</td>\n",
       "      <td>F1</td>\n",
       "      <td>1</td>\n",
       "      <td>NaN</td>\n",
       "      <td>...</td>\n",
       "      <td>21</td>\n",
       "      <td>5.30</td>\n",
       "      <td>NaN</td>\n",
       "      <td>99.33</td>\n",
       "      <td>16.22</td>\n",
       "      <td>69.47</td>\n",
       "      <td>65.83</td>\n",
       "      <td>KEN</td>\n",
       "      <td>Eldoret</td>\n",
       "      <td>132.10</td>\n",
       "    </tr>\n",
       "    <tr>\n",
       "      <th>2</th>\n",
       "      <td>16.62</td>\n",
       "      <td>Van Dyk, Ernst F.</td>\n",
       "      <td>1</td>\n",
       "      <td>45.80</td>\n",
       "      <td>M</td>\n",
       "      <td>41</td>\n",
       "      <td>80.60</td>\n",
       "      <td>W2</td>\n",
       "      <td>1</td>\n",
       "      <td>NaN</td>\n",
       "      <td>...</td>\n",
       "      <td>1</td>\n",
       "      <td>3.08</td>\n",
       "      <td>NaN</td>\n",
       "      <td>56.45</td>\n",
       "      <td>7.75</td>\n",
       "      <td>38.03</td>\n",
       "      <td>36.10</td>\n",
       "      <td>RSA</td>\n",
       "      <td>Paarl</td>\n",
       "      <td>76.10</td>\n",
       "    </tr>\n",
       "    <tr>\n",
       "      <th>3</th>\n",
       "      <td>32.57</td>\n",
       "      <td>Dibaba, Mare</td>\n",
       "      <td>3</td>\n",
       "      <td>82.43</td>\n",
       "      <td>F</td>\n",
       "      <td>24</td>\n",
       "      <td>140.58</td>\n",
       "      <td>F2</td>\n",
       "      <td>3</td>\n",
       "      <td>NaN</td>\n",
       "      <td>...</td>\n",
       "      <td>27</td>\n",
       "      <td>5.37</td>\n",
       "      <td>NaN</td>\n",
       "      <td>99.33</td>\n",
       "      <td>16.20</td>\n",
       "      <td>69.47</td>\n",
       "      <td>65.83</td>\n",
       "      <td>ETH</td>\n",
       "      <td>Shoa</td>\n",
       "      <td>132.95</td>\n",
       "    </tr>\n",
       "    <tr>\n",
       "      <th>4</th>\n",
       "      <td>17.12</td>\n",
       "      <td>Hokinoue, Kota</td>\n",
       "      <td>2</td>\n",
       "      <td>46.37</td>\n",
       "      <td>M</td>\n",
       "      <td>40</td>\n",
       "      <td>81.23</td>\n",
       "      <td>W3</td>\n",
       "      <td>2</td>\n",
       "      <td>NaN</td>\n",
       "      <td>...</td>\n",
       "      <td>2</td>\n",
       "      <td>3.10</td>\n",
       "      <td>NaN</td>\n",
       "      <td>57.03</td>\n",
       "      <td>8.02</td>\n",
       "      <td>38.60</td>\n",
       "      <td>36.58</td>\n",
       "      <td>JPN</td>\n",
       "      <td>Nogata Fukuoka</td>\n",
       "      <td>76.72</td>\n",
       "    </tr>\n",
       "  </tbody>\n",
       "</table>\n",
       "<p>5 rows × 21 columns</p>\n",
       "</div>"
      ],
      "text/plain": [
       "     10k                name  division    25k gender  age  official bib  \\\n",
       "0  17.37  Yamamoto, Hiroyuki         8  47.67      M   47     85.25  W1   \n",
       "1  32.58        Jeptoo, Rita         1  82.43      F   33    138.95  F1   \n",
       "2  16.62   Van Dyk, Ernst F.         1  45.80      M   41     80.60  W2   \n",
       "3  32.57        Dibaba, Mare         3  82.43      F   24    140.58  F2   \n",
       "4  17.12      Hokinoue, Kota         2  46.37      M   40     81.23  W3   \n",
       "\n",
       "   genderdiv  ctz   ...   overall  pace  state    30k     5k   half    20k  \\\n",
       "0          8  NaN   ...         8  3.27    NaN  59.18   8.02  39.72  37.65   \n",
       "1          1  NaN   ...        21  5.30    NaN  99.33  16.22  69.47  65.83   \n",
       "2          1  NaN   ...         1  3.08    NaN  56.45   7.75  38.03  36.10   \n",
       "3          3  NaN   ...        27  5.37    NaN  99.33  16.20  69.47  65.83   \n",
       "4          2  NaN   ...         2  3.10    NaN  57.03   8.02  38.60  36.58   \n",
       "\n",
       "  country            city     40k  \n",
       "0     JPN         Fukuoka   80.43  \n",
       "1     KEN         Eldoret  132.10  \n",
       "2     RSA           Paarl   76.10  \n",
       "3     ETH            Shoa  132.95  \n",
       "4     JPN  Nogata Fukuoka   76.72  \n",
       "\n",
       "[5 rows x 21 columns]"
      ]
     },
     "execution_count": 2,
     "metadata": {},
     "output_type": "execute_result"
    }
   ],
   "source": [
    "df = pd.read_csv('/Users/gemma/Documents/data science/DS Bootcamp/bostonmarathon_2014_results.csv')\n",
    "\n",
    "df.head()"
   ]
  },
  {
   "cell_type": "code",
   "execution_count": 3,
   "metadata": {},
   "outputs": [
    {
     "data": {
      "text/plain": [
       "10k           object\n",
       "name          object\n",
       "division       int64\n",
       "25k           object\n",
       "gender        object\n",
       "age            int64\n",
       "official     float64\n",
       "bib           object\n",
       "genderdiv      int64\n",
       "ctz           object\n",
       "35k           object\n",
       "overall        int64\n",
       "pace         float64\n",
       "state         object\n",
       "30k           object\n",
       "5k            object\n",
       "half          object\n",
       "20k           object\n",
       "country       object\n",
       "city          object\n",
       "40k           object\n",
       "dtype: object"
      ]
     },
     "execution_count": 3,
     "metadata": {},
     "output_type": "execute_result"
    }
   ],
   "source": [
    "df.dtypes"
   ]
  },
  {
   "cell_type": "code",
   "execution_count": 4,
   "metadata": {},
   "outputs": [],
   "source": [
    "# trying to figure out what ctz is compared to country ? \n",
    "#df.iloc[:,9:].sort_values('ctz', na_position='last').head(10)"
   ]
  },
  {
   "cell_type": "code",
   "execution_count": 5,
   "metadata": {},
   "outputs": [],
   "source": [
    "# reordering cols bc i want the races to be in order of distance\n",
    "\n",
    "df = df[['5k','10k','20k','half','25k','30k','35k','40k','official','overall','pace',\n",
    "         'name','division','gender','age','bib','genderdiv', 'ctz','state', 'country','city']]"
   ]
  },
  {
   "cell_type": "code",
   "execution_count": 6,
   "metadata": {},
   "outputs": [],
   "source": [
    "#df = df[['mean', 4,3,2,1]]\n",
    "\n",
    "#['10k','name','division','25k','gender','age','official','bib',\n",
    "# 'genderdiv', 'ctz','35k','overall','pace','state', '30k','5k','half','20k',\n",
    "# 'country','city','40k']\n",
    "\n",
    "toconvert = ['10k','25k','35k', '30k','5k','half','20k','40k']"
   ]
  },
  {
   "cell_type": "code",
   "execution_count": 7,
   "metadata": {},
   "outputs": [],
   "source": [
    "for thing in toconvert:\n",
    "    df[thing] = pd.to_numeric(df[thing], errors='coerce')"
   ]
  },
  {
   "cell_type": "code",
   "execution_count": 8,
   "metadata": {},
   "outputs": [],
   "source": [
    "# making a binary marker for gender - 1 = male, 0 = female\n",
    "\n",
    "df['gender_bin'] = np.where(df['gender'] == 'M', 1, 0)"
   ]
  },
  {
   "cell_type": "markdown",
   "metadata": {},
   "source": [
    "I'm going to drop much of the categorical data."
   ]
  },
  {
   "cell_type": "code",
   "execution_count": 9,
   "metadata": {},
   "outputs": [],
   "source": [
    "df = df.drop(['name','gender','bib','ctz','state','city'], axis=1)"
   ]
  },
  {
   "cell_type": "markdown",
   "metadata": {},
   "source": [
    "I want to split up \"country\" based on the number of participants from that country, and potentially use that number instead of binarizing country."
   ]
  },
  {
   "cell_type": "code",
   "execution_count": 11,
   "metadata": {},
   "outputs": [
    {
     "name": "stdout",
     "output_type": "stream",
     "text": [
      "410.05128205128204 3066.8041157774733 27233\n"
     ]
    }
   ],
   "source": [
    "this = df['country'].value_counts()\n",
    "\n",
    "print(np.mean(this), np.std(this), np.max(this))"
   ]
  },
  {
   "cell_type": "code",
   "execution_count": 11,
   "metadata": {},
   "outputs": [
    {
     "data": {
      "text/plain": [
       "USA    27233\n",
       "CAN     2175\n",
       "GBR      346\n",
       "ITA      212\n",
       "MEX      205\n",
       "GER      182\n",
       "JPN      175\n",
       "AUS      124\n",
       "IRL      119\n",
       "FRA      115\n",
       "ESP       89\n",
       "BRA       87\n",
       "SWE       66\n",
       "SUI       62\n",
       "KOR       60\n",
       "NED       54\n",
       "HKG       53\n",
       "DEN       50\n",
       "CHN       42\n",
       "COL       40\n",
       "CHI       29\n",
       "FIN       28\n",
       "ISL       28\n",
       "BEL       27\n",
       "SIN       23\n",
       "AUT       22\n",
       "NOR       21\n",
       "VEN       19\n",
       "RSA       19\n",
       "BER       18\n",
       "       ...  \n",
       "TUR        4\n",
       "PHI        4\n",
       "LUX        4\n",
       "CZE        4\n",
       "HUN        3\n",
       "DOM        3\n",
       "ECU        3\n",
       "PAN        3\n",
       "UKR        3\n",
       "EGY        2\n",
       "ROU        2\n",
       "BAH        2\n",
       "ESA        2\n",
       "THA        2\n",
       "QAT        2\n",
       "TRI        1\n",
       "BRN        1\n",
       "MAR        1\n",
       "TAN        1\n",
       "CRO        1\n",
       "VGB        1\n",
       "BLR        1\n",
       "LIE        1\n",
       "URU        1\n",
       "EST        1\n",
       "INA        1\n",
       "CAY        1\n",
       "BOL        1\n",
       "ZIM        1\n",
       "BAR        1\n",
       "Name: country, Length: 78, dtype: int64"
      ]
     },
     "execution_count": 11,
     "metadata": {},
     "output_type": "execute_result"
    }
   ],
   "source": []
  },
  {
   "cell_type": "markdown",
   "metadata": {},
   "source": []
  },
  {
   "cell_type": "code",
   "execution_count": 12,
   "metadata": {},
   "outputs": [
    {
     "data": {
      "text/plain": [
       "1        15\n",
       "2         6\n",
       "3         5\n",
       "4         6\n",
       "6         2\n",
       "7         2\n",
       "8         1\n",
       "9         2\n",
       "12        1\n",
       "15        3\n",
       "16        1\n",
       "17        2\n",
       "18        3\n",
       "19        2\n",
       "21        1\n",
       "22        1\n",
       "23        1\n",
       "27        1\n",
       "28        2\n",
       "29        1\n",
       "40        1\n",
       "42        1\n",
       "50        1\n",
       "53        1\n",
       "54        1\n",
       "60        1\n",
       "62        1\n",
       "66        1\n",
       "87        1\n",
       "89        1\n",
       "115       1\n",
       "119       1\n",
       "124       1\n",
       "175       1\n",
       "182       1\n",
       "205       1\n",
       "212       1\n",
       "346       1\n",
       "2175      1\n",
       "27233     1\n",
       "Name: country, dtype: int64"
      ]
     },
     "execution_count": 12,
     "metadata": {},
     "output_type": "execute_result"
    }
   ],
   "source": [
    "this.value_counts().sort_index()"
   ]
  },
  {
   "cell_type": "code",
   "execution_count": 13,
   "metadata": {},
   "outputs": [],
   "source": [
    "df = df.join(this, on='country', how='left', rsuffix='_count', sort=False)\n",
    "\n",
    "# from stack exchange also could have done this whole thigng like this:\n",
    "# df['Counts'] = df.groupby(['Color'])['Value'].transform('count')\n",
    "\n",
    "# OR \n",
    "# df['Count_Column'] = df['Color'].map(df['Color'].value_counts())"
   ]
  },
  {
   "cell_type": "code",
   "execution_count": 14,
   "metadata": {},
   "outputs": [
    {
     "data": {
      "text/html": [
       "<div>\n",
       "<style scoped>\n",
       "    .dataframe tbody tr th:only-of-type {\n",
       "        vertical-align: middle;\n",
       "    }\n",
       "\n",
       "    .dataframe tbody tr th {\n",
       "        vertical-align: top;\n",
       "    }\n",
       "\n",
       "    .dataframe thead th {\n",
       "        text-align: right;\n",
       "    }\n",
       "</style>\n",
       "<table border=\"1\" class=\"dataframe\">\n",
       "  <thead>\n",
       "    <tr style=\"text-align: right;\">\n",
       "      <th></th>\n",
       "      <th>5k</th>\n",
       "      <th>10k</th>\n",
       "      <th>20k</th>\n",
       "      <th>half</th>\n",
       "      <th>25k</th>\n",
       "      <th>30k</th>\n",
       "      <th>35k</th>\n",
       "      <th>40k</th>\n",
       "      <th>official</th>\n",
       "      <th>overall</th>\n",
       "      <th>pace</th>\n",
       "      <th>division</th>\n",
       "      <th>age</th>\n",
       "      <th>genderdiv</th>\n",
       "      <th>country</th>\n",
       "      <th>gender_bin</th>\n",
       "      <th>country_count</th>\n",
       "    </tr>\n",
       "  </thead>\n",
       "  <tbody>\n",
       "    <tr>\n",
       "      <th>0</th>\n",
       "      <td>8.02</td>\n",
       "      <td>17.37</td>\n",
       "      <td>37.65</td>\n",
       "      <td>39.72</td>\n",
       "      <td>47.67</td>\n",
       "      <td>59.18</td>\n",
       "      <td>71.40</td>\n",
       "      <td>80.43</td>\n",
       "      <td>85.25</td>\n",
       "      <td>8</td>\n",
       "      <td>3.27</td>\n",
       "      <td>8</td>\n",
       "      <td>47</td>\n",
       "      <td>8</td>\n",
       "      <td>JPN</td>\n",
       "      <td>1</td>\n",
       "      <td>175</td>\n",
       "    </tr>\n",
       "    <tr>\n",
       "      <th>1</th>\n",
       "      <td>16.22</td>\n",
       "      <td>32.58</td>\n",
       "      <td>65.83</td>\n",
       "      <td>69.47</td>\n",
       "      <td>82.43</td>\n",
       "      <td>99.33</td>\n",
       "      <td>116.37</td>\n",
       "      <td>132.10</td>\n",
       "      <td>138.95</td>\n",
       "      <td>21</td>\n",
       "      <td>5.30</td>\n",
       "      <td>1</td>\n",
       "      <td>33</td>\n",
       "      <td>1</td>\n",
       "      <td>KEN</td>\n",
       "      <td>0</td>\n",
       "      <td>12</td>\n",
       "    </tr>\n",
       "    <tr>\n",
       "      <th>2</th>\n",
       "      <td>7.75</td>\n",
       "      <td>16.62</td>\n",
       "      <td>36.10</td>\n",
       "      <td>38.03</td>\n",
       "      <td>45.80</td>\n",
       "      <td>56.45</td>\n",
       "      <td>67.42</td>\n",
       "      <td>76.10</td>\n",
       "      <td>80.60</td>\n",
       "      <td>1</td>\n",
       "      <td>3.08</td>\n",
       "      <td>1</td>\n",
       "      <td>41</td>\n",
       "      <td>1</td>\n",
       "      <td>RSA</td>\n",
       "      <td>1</td>\n",
       "      <td>19</td>\n",
       "    </tr>\n",
       "    <tr>\n",
       "      <th>3</th>\n",
       "      <td>16.20</td>\n",
       "      <td>32.57</td>\n",
       "      <td>65.83</td>\n",
       "      <td>69.47</td>\n",
       "      <td>82.43</td>\n",
       "      <td>99.33</td>\n",
       "      <td>116.37</td>\n",
       "      <td>132.95</td>\n",
       "      <td>140.58</td>\n",
       "      <td>27</td>\n",
       "      <td>5.37</td>\n",
       "      <td>3</td>\n",
       "      <td>24</td>\n",
       "      <td>3</td>\n",
       "      <td>ETH</td>\n",
       "      <td>0</td>\n",
       "      <td>6</td>\n",
       "    </tr>\n",
       "    <tr>\n",
       "      <th>4</th>\n",
       "      <td>8.02</td>\n",
       "      <td>17.12</td>\n",
       "      <td>36.58</td>\n",
       "      <td>38.60</td>\n",
       "      <td>46.37</td>\n",
       "      <td>57.03</td>\n",
       "      <td>67.83</td>\n",
       "      <td>76.72</td>\n",
       "      <td>81.23</td>\n",
       "      <td>2</td>\n",
       "      <td>3.10</td>\n",
       "      <td>2</td>\n",
       "      <td>40</td>\n",
       "      <td>2</td>\n",
       "      <td>JPN</td>\n",
       "      <td>1</td>\n",
       "      <td>175</td>\n",
       "    </tr>\n",
       "  </tbody>\n",
       "</table>\n",
       "</div>"
      ],
      "text/plain": [
       "      5k    10k    20k   half    25k    30k     35k     40k  official  \\\n",
       "0   8.02  17.37  37.65  39.72  47.67  59.18   71.40   80.43     85.25   \n",
       "1  16.22  32.58  65.83  69.47  82.43  99.33  116.37  132.10    138.95   \n",
       "2   7.75  16.62  36.10  38.03  45.80  56.45   67.42   76.10     80.60   \n",
       "3  16.20  32.57  65.83  69.47  82.43  99.33  116.37  132.95    140.58   \n",
       "4   8.02  17.12  36.58  38.60  46.37  57.03   67.83   76.72     81.23   \n",
       "\n",
       "   overall  pace  division  age  genderdiv country  gender_bin  country_count  \n",
       "0        8  3.27         8   47          8     JPN           1            175  \n",
       "1       21  5.30         1   33          1     KEN           0             12  \n",
       "2        1  3.08         1   41          1     RSA           1             19  \n",
       "3       27  5.37         3   24          3     ETH           0              6  \n",
       "4        2  3.10         2   40          2     JPN           1            175  "
      ]
     },
     "execution_count": 14,
     "metadata": {},
     "output_type": "execute_result"
    }
   ],
   "source": [
    "df.head()"
   ]
  },
  {
   "cell_type": "code",
   "execution_count": 16,
   "metadata": {},
   "outputs": [],
   "source": [
    "#df['USA'] = np.where(df['country'] == 'USA', 1, 0)\n",
    "#df['Canada'] = np.where(df['country'] == 'Canada' ,1, 0)\n",
    "\n",
    "\n",
    "#50 to 350, \n",
    "#less than 50 and greater than 10, \n",
    "#less than 10\n",
    "\n",
    "#df['50_to_350p'] = np.where(np.logical_and(df['country_count']>=50 ,df['country_count'] < 350), 1, 0)\n",
    "#df['10+'] = np.where(np.logical_and(df['country_count']>=10 ,df['country_count'] < 50), 1, 0)\n",
    "#df['lessthan10'] = np.where(df['country_count'] < 10, 1, 0)\n"
   ]
  },
  {
   "cell_type": "code",
   "execution_count": 17,
   "metadata": {},
   "outputs": [],
   "source": [
    "#df.head()"
   ]
  },
  {
   "cell_type": "code",
   "execution_count": 15,
   "metadata": {},
   "outputs": [],
   "source": [
    "df.isnull().sum()\n",
    "\n",
    "df.fillna(0, inplace=True)"
   ]
  },
  {
   "cell_type": "code",
   "execution_count": 16,
   "metadata": {
    "scrolled": true
   },
   "outputs": [],
   "source": [
    "df = df.drop('country',1)"
   ]
  },
  {
   "cell_type": "markdown",
   "metadata": {},
   "source": [
    "Let's look at the correlation matrix and drop features with over 90% correlation."
   ]
  },
  {
   "cell_type": "code",
   "execution_count": 17,
   "metadata": {},
   "outputs": [
    {
     "data": {
      "text/html": [
       "<div>\n",
       "<style scoped>\n",
       "    .dataframe tbody tr th:only-of-type {\n",
       "        vertical-align: middle;\n",
       "    }\n",
       "\n",
       "    .dataframe tbody tr th {\n",
       "        vertical-align: top;\n",
       "    }\n",
       "\n",
       "    .dataframe thead th {\n",
       "        text-align: right;\n",
       "    }\n",
       "</style>\n",
       "<table border=\"1\" class=\"dataframe\">\n",
       "  <thead>\n",
       "    <tr style=\"text-align: right;\">\n",
       "      <th></th>\n",
       "      <th>5k</th>\n",
       "      <th>10k</th>\n",
       "      <th>20k</th>\n",
       "      <th>half</th>\n",
       "      <th>25k</th>\n",
       "      <th>30k</th>\n",
       "      <th>35k</th>\n",
       "      <th>40k</th>\n",
       "      <th>official</th>\n",
       "      <th>overall</th>\n",
       "      <th>pace</th>\n",
       "      <th>division</th>\n",
       "      <th>age</th>\n",
       "      <th>genderdiv</th>\n",
       "      <th>gender_bin</th>\n",
       "      <th>country_count</th>\n",
       "    </tr>\n",
       "  </thead>\n",
       "  <tbody>\n",
       "    <tr>\n",
       "      <th>5k</th>\n",
       "      <td>1.000000</td>\n",
       "      <td>0.963261</td>\n",
       "      <td>0.928090</td>\n",
       "      <td>0.924685</td>\n",
       "      <td>0.766526</td>\n",
       "      <td>0.900208</td>\n",
       "      <td>0.880755</td>\n",
       "      <td>0.847863</td>\n",
       "      <td>0.875720</td>\n",
       "      <td>0.860468</td>\n",
       "      <td>0.875903</td>\n",
       "      <td>0.454344</td>\n",
       "      <td>0.156280</td>\n",
       "      <td>0.763285</td>\n",
       "      <td>-0.258461</td>\n",
       "      <td>0.104444</td>\n",
       "    </tr>\n",
       "    <tr>\n",
       "      <th>10k</th>\n",
       "      <td>0.963261</td>\n",
       "      <td>1.000000</td>\n",
       "      <td>0.953914</td>\n",
       "      <td>0.950589</td>\n",
       "      <td>0.778816</td>\n",
       "      <td>0.926809</td>\n",
       "      <td>0.906092</td>\n",
       "      <td>0.871696</td>\n",
       "      <td>0.898462</td>\n",
       "      <td>0.874791</td>\n",
       "      <td>0.898558</td>\n",
       "      <td>0.457038</td>\n",
       "      <td>0.163271</td>\n",
       "      <td>0.775604</td>\n",
       "      <td>-0.262733</td>\n",
       "      <td>0.101612</td>\n",
       "    </tr>\n",
       "    <tr>\n",
       "      <th>20k</th>\n",
       "      <td>0.928090</td>\n",
       "      <td>0.953914</td>\n",
       "      <td>1.000000</td>\n",
       "      <td>0.961813</td>\n",
       "      <td>0.806909</td>\n",
       "      <td>0.960423</td>\n",
       "      <td>0.937077</td>\n",
       "      <td>0.903718</td>\n",
       "      <td>0.922466</td>\n",
       "      <td>0.888320</td>\n",
       "      <td>0.922885</td>\n",
       "      <td>0.467880</td>\n",
       "      <td>0.160633</td>\n",
       "      <td>0.788970</td>\n",
       "      <td>-0.261121</td>\n",
       "      <td>0.096910</td>\n",
       "    </tr>\n",
       "    <tr>\n",
       "      <th>half</th>\n",
       "      <td>0.924685</td>\n",
       "      <td>0.950589</td>\n",
       "      <td>0.961813</td>\n",
       "      <td>1.000000</td>\n",
       "      <td>0.782167</td>\n",
       "      <td>0.951619</td>\n",
       "      <td>0.933299</td>\n",
       "      <td>0.895846</td>\n",
       "      <td>0.925348</td>\n",
       "      <td>0.883483</td>\n",
       "      <td>0.925328</td>\n",
       "      <td>0.467029</td>\n",
       "      <td>0.158288</td>\n",
       "      <td>0.786785</td>\n",
       "      <td>-0.254099</td>\n",
       "      <td>0.097321</td>\n",
       "    </tr>\n",
       "    <tr>\n",
       "      <th>25k</th>\n",
       "      <td>0.766526</td>\n",
       "      <td>0.778816</td>\n",
       "      <td>0.806909</td>\n",
       "      <td>0.782167</td>\n",
       "      <td>1.000000</td>\n",
       "      <td>0.801507</td>\n",
       "      <td>0.791223</td>\n",
       "      <td>0.805845</td>\n",
       "      <td>0.774548</td>\n",
       "      <td>0.796723</td>\n",
       "      <td>0.776414</td>\n",
       "      <td>0.430179</td>\n",
       "      <td>0.135917</td>\n",
       "      <td>0.709651</td>\n",
       "      <td>-0.229755</td>\n",
       "      <td>0.088700</td>\n",
       "    </tr>\n",
       "    <tr>\n",
       "      <th>30k</th>\n",
       "      <td>0.900208</td>\n",
       "      <td>0.926809</td>\n",
       "      <td>0.960423</td>\n",
       "      <td>0.951619</td>\n",
       "      <td>0.801507</td>\n",
       "      <td>1.000000</td>\n",
       "      <td>0.975266</td>\n",
       "      <td>0.943563</td>\n",
       "      <td>0.959883</td>\n",
       "      <td>0.913311</td>\n",
       "      <td>0.960339</td>\n",
       "      <td>0.492966</td>\n",
       "      <td>0.153044</td>\n",
       "      <td>0.821153</td>\n",
       "      <td>-0.241531</td>\n",
       "      <td>0.095410</td>\n",
       "    </tr>\n",
       "    <tr>\n",
       "      <th>35k</th>\n",
       "      <td>0.880755</td>\n",
       "      <td>0.906092</td>\n",
       "      <td>0.937077</td>\n",
       "      <td>0.933299</td>\n",
       "      <td>0.791223</td>\n",
       "      <td>0.975266</td>\n",
       "      <td>1.000000</td>\n",
       "      <td>0.960374</td>\n",
       "      <td>0.975911</td>\n",
       "      <td>0.929613</td>\n",
       "      <td>0.976852</td>\n",
       "      <td>0.504534</td>\n",
       "      <td>0.153918</td>\n",
       "      <td>0.843499</td>\n",
       "      <td>-0.226927</td>\n",
       "      <td>0.093867</td>\n",
       "    </tr>\n",
       "    <tr>\n",
       "      <th>40k</th>\n",
       "      <td>0.847863</td>\n",
       "      <td>0.871696</td>\n",
       "      <td>0.903718</td>\n",
       "      <td>0.895846</td>\n",
       "      <td>0.805845</td>\n",
       "      <td>0.943563</td>\n",
       "      <td>0.960374</td>\n",
       "      <td>1.000000</td>\n",
       "      <td>0.962319</td>\n",
       "      <td>0.932033</td>\n",
       "      <td>0.964962</td>\n",
       "      <td>0.508014</td>\n",
       "      <td>0.156482</td>\n",
       "      <td>0.853469</td>\n",
       "      <td>-0.210695</td>\n",
       "      <td>0.091431</td>\n",
       "    </tr>\n",
       "    <tr>\n",
       "      <th>official</th>\n",
       "      <td>0.875720</td>\n",
       "      <td>0.898462</td>\n",
       "      <td>0.922466</td>\n",
       "      <td>0.925348</td>\n",
       "      <td>0.774548</td>\n",
       "      <td>0.959883</td>\n",
       "      <td>0.975911</td>\n",
       "      <td>0.962319</td>\n",
       "      <td>1.000000</td>\n",
       "      <td>0.954233</td>\n",
       "      <td>0.999897</td>\n",
       "      <td>0.515368</td>\n",
       "      <td>0.166440</td>\n",
       "      <td>0.878360</td>\n",
       "      <td>-0.204402</td>\n",
       "      <td>0.093113</td>\n",
       "    </tr>\n",
       "    <tr>\n",
       "      <th>overall</th>\n",
       "      <td>0.860468</td>\n",
       "      <td>0.874791</td>\n",
       "      <td>0.888320</td>\n",
       "      <td>0.883483</td>\n",
       "      <td>0.796723</td>\n",
       "      <td>0.913311</td>\n",
       "      <td>0.929613</td>\n",
       "      <td>0.932033</td>\n",
       "      <td>0.954233</td>\n",
       "      <td>1.000000</td>\n",
       "      <td>0.954765</td>\n",
       "      <td>0.514493</td>\n",
       "      <td>0.201129</td>\n",
       "      <td>0.909206</td>\n",
       "      <td>-0.246634</td>\n",
       "      <td>0.086182</td>\n",
       "    </tr>\n",
       "    <tr>\n",
       "      <th>pace</th>\n",
       "      <td>0.875903</td>\n",
       "      <td>0.898558</td>\n",
       "      <td>0.922885</td>\n",
       "      <td>0.925328</td>\n",
       "      <td>0.776414</td>\n",
       "      <td>0.960339</td>\n",
       "      <td>0.976852</td>\n",
       "      <td>0.964962</td>\n",
       "      <td>0.999897</td>\n",
       "      <td>0.954765</td>\n",
       "      <td>1.000000</td>\n",
       "      <td>0.515633</td>\n",
       "      <td>0.166593</td>\n",
       "      <td>0.878789</td>\n",
       "      <td>-0.204713</td>\n",
       "      <td>0.093104</td>\n",
       "    </tr>\n",
       "    <tr>\n",
       "      <th>division</th>\n",
       "      <td>0.454344</td>\n",
       "      <td>0.457038</td>\n",
       "      <td>0.467880</td>\n",
       "      <td>0.467029</td>\n",
       "      <td>0.430179</td>\n",
       "      <td>0.492966</td>\n",
       "      <td>0.504534</td>\n",
       "      <td>0.508014</td>\n",
       "      <td>0.515368</td>\n",
       "      <td>0.514493</td>\n",
       "      <td>0.515633</td>\n",
       "      <td>1.000000</td>\n",
       "      <td>-0.577256</td>\n",
       "      <td>0.470752</td>\n",
       "      <td>-0.125786</td>\n",
       "      <td>0.150054</td>\n",
       "    </tr>\n",
       "    <tr>\n",
       "      <th>age</th>\n",
       "      <td>0.156280</td>\n",
       "      <td>0.163271</td>\n",
       "      <td>0.160633</td>\n",
       "      <td>0.158288</td>\n",
       "      <td>0.135917</td>\n",
       "      <td>0.153044</td>\n",
       "      <td>0.153918</td>\n",
       "      <td>0.156482</td>\n",
       "      <td>0.166440</td>\n",
       "      <td>0.201129</td>\n",
       "      <td>0.166593</td>\n",
       "      <td>-0.577256</td>\n",
       "      <td>1.000000</td>\n",
       "      <td>0.306829</td>\n",
       "      <td>0.208802</td>\n",
       "      <td>-0.153566</td>\n",
       "    </tr>\n",
       "    <tr>\n",
       "      <th>genderdiv</th>\n",
       "      <td>0.763285</td>\n",
       "      <td>0.775604</td>\n",
       "      <td>0.788970</td>\n",
       "      <td>0.786785</td>\n",
       "      <td>0.709651</td>\n",
       "      <td>0.821153</td>\n",
       "      <td>0.843499</td>\n",
       "      <td>0.853469</td>\n",
       "      <td>0.878360</td>\n",
       "      <td>0.909206</td>\n",
       "      <td>0.878789</td>\n",
       "      <td>0.470752</td>\n",
       "      <td>0.306829</td>\n",
       "      <td>1.000000</td>\n",
       "      <td>0.166793</td>\n",
       "      <td>0.040822</td>\n",
       "    </tr>\n",
       "    <tr>\n",
       "      <th>gender_bin</th>\n",
       "      <td>-0.258461</td>\n",
       "      <td>-0.262733</td>\n",
       "      <td>-0.261121</td>\n",
       "      <td>-0.254099</td>\n",
       "      <td>-0.229755</td>\n",
       "      <td>-0.241531</td>\n",
       "      <td>-0.226927</td>\n",
       "      <td>-0.210695</td>\n",
       "      <td>-0.204402</td>\n",
       "      <td>-0.246634</td>\n",
       "      <td>-0.204713</td>\n",
       "      <td>-0.125786</td>\n",
       "      <td>0.208802</td>\n",
       "      <td>0.166793</td>\n",
       "      <td>1.000000</td>\n",
       "      <td>-0.100223</td>\n",
       "    </tr>\n",
       "    <tr>\n",
       "      <th>country_count</th>\n",
       "      <td>0.104444</td>\n",
       "      <td>0.101612</td>\n",
       "      <td>0.096910</td>\n",
       "      <td>0.097321</td>\n",
       "      <td>0.088700</td>\n",
       "      <td>0.095410</td>\n",
       "      <td>0.093867</td>\n",
       "      <td>0.091431</td>\n",
       "      <td>0.093113</td>\n",
       "      <td>0.086182</td>\n",
       "      <td>0.093104</td>\n",
       "      <td>0.150054</td>\n",
       "      <td>-0.153566</td>\n",
       "      <td>0.040822</td>\n",
       "      <td>-0.100223</td>\n",
       "      <td>1.000000</td>\n",
       "    </tr>\n",
       "  </tbody>\n",
       "</table>\n",
       "</div>"
      ],
      "text/plain": [
       "                     5k       10k       20k      half       25k       30k  \\\n",
       "5k             1.000000  0.963261  0.928090  0.924685  0.766526  0.900208   \n",
       "10k            0.963261  1.000000  0.953914  0.950589  0.778816  0.926809   \n",
       "20k            0.928090  0.953914  1.000000  0.961813  0.806909  0.960423   \n",
       "half           0.924685  0.950589  0.961813  1.000000  0.782167  0.951619   \n",
       "25k            0.766526  0.778816  0.806909  0.782167  1.000000  0.801507   \n",
       "30k            0.900208  0.926809  0.960423  0.951619  0.801507  1.000000   \n",
       "35k            0.880755  0.906092  0.937077  0.933299  0.791223  0.975266   \n",
       "40k            0.847863  0.871696  0.903718  0.895846  0.805845  0.943563   \n",
       "official       0.875720  0.898462  0.922466  0.925348  0.774548  0.959883   \n",
       "overall        0.860468  0.874791  0.888320  0.883483  0.796723  0.913311   \n",
       "pace           0.875903  0.898558  0.922885  0.925328  0.776414  0.960339   \n",
       "division       0.454344  0.457038  0.467880  0.467029  0.430179  0.492966   \n",
       "age            0.156280  0.163271  0.160633  0.158288  0.135917  0.153044   \n",
       "genderdiv      0.763285  0.775604  0.788970  0.786785  0.709651  0.821153   \n",
       "gender_bin    -0.258461 -0.262733 -0.261121 -0.254099 -0.229755 -0.241531   \n",
       "country_count  0.104444  0.101612  0.096910  0.097321  0.088700  0.095410   \n",
       "\n",
       "                    35k       40k  official   overall      pace  division  \\\n",
       "5k             0.880755  0.847863  0.875720  0.860468  0.875903  0.454344   \n",
       "10k            0.906092  0.871696  0.898462  0.874791  0.898558  0.457038   \n",
       "20k            0.937077  0.903718  0.922466  0.888320  0.922885  0.467880   \n",
       "half           0.933299  0.895846  0.925348  0.883483  0.925328  0.467029   \n",
       "25k            0.791223  0.805845  0.774548  0.796723  0.776414  0.430179   \n",
       "30k            0.975266  0.943563  0.959883  0.913311  0.960339  0.492966   \n",
       "35k            1.000000  0.960374  0.975911  0.929613  0.976852  0.504534   \n",
       "40k            0.960374  1.000000  0.962319  0.932033  0.964962  0.508014   \n",
       "official       0.975911  0.962319  1.000000  0.954233  0.999897  0.515368   \n",
       "overall        0.929613  0.932033  0.954233  1.000000  0.954765  0.514493   \n",
       "pace           0.976852  0.964962  0.999897  0.954765  1.000000  0.515633   \n",
       "division       0.504534  0.508014  0.515368  0.514493  0.515633  1.000000   \n",
       "age            0.153918  0.156482  0.166440  0.201129  0.166593 -0.577256   \n",
       "genderdiv      0.843499  0.853469  0.878360  0.909206  0.878789  0.470752   \n",
       "gender_bin    -0.226927 -0.210695 -0.204402 -0.246634 -0.204713 -0.125786   \n",
       "country_count  0.093867  0.091431  0.093113  0.086182  0.093104  0.150054   \n",
       "\n",
       "                    age  genderdiv  gender_bin  country_count  \n",
       "5k             0.156280   0.763285   -0.258461       0.104444  \n",
       "10k            0.163271   0.775604   -0.262733       0.101612  \n",
       "20k            0.160633   0.788970   -0.261121       0.096910  \n",
       "half           0.158288   0.786785   -0.254099       0.097321  \n",
       "25k            0.135917   0.709651   -0.229755       0.088700  \n",
       "30k            0.153044   0.821153   -0.241531       0.095410  \n",
       "35k            0.153918   0.843499   -0.226927       0.093867  \n",
       "40k            0.156482   0.853469   -0.210695       0.091431  \n",
       "official       0.166440   0.878360   -0.204402       0.093113  \n",
       "overall        0.201129   0.909206   -0.246634       0.086182  \n",
       "pace           0.166593   0.878789   -0.204713       0.093104  \n",
       "division      -0.577256   0.470752   -0.125786       0.150054  \n",
       "age            1.000000   0.306829    0.208802      -0.153566  \n",
       "genderdiv      0.306829   1.000000    0.166793       0.040822  \n",
       "gender_bin     0.208802   0.166793    1.000000      -0.100223  \n",
       "country_count -0.153566   0.040822   -0.100223       1.000000  "
      ]
     },
     "execution_count": 17,
     "metadata": {},
     "output_type": "execute_result"
    }
   ],
   "source": [
    "df.corr()"
   ]
  },
  {
   "cell_type": "markdown",
   "metadata": {},
   "source": [
    "It looks like I can keep just one of these:\n",
    "\n",
    "5k, 10k, 20k, half, 30k\n",
    "\n",
    "I will keep 5k.\n",
    "\n",
    "It looks like I can also drop 2 of these:\n",
    "\n",
    "official, overall, pace\n",
    "\n",
    "If I keep official, it looks like I should also drop:\n",
    "\n",
    "30k, 35k, 40k"
   ]
  },
  {
   "cell_type": "code",
   "execution_count": 18,
   "metadata": {},
   "outputs": [],
   "source": [
    "df = df.drop(['10k', '20k', 'half', '30k', 'overall', 'pace', '30k', '35k', '40k'], 1)"
   ]
  },
  {
   "cell_type": "code",
   "execution_count": 19,
   "metadata": {},
   "outputs": [
    {
     "data": {
      "text/html": [
       "<div>\n",
       "<style scoped>\n",
       "    .dataframe tbody tr th:only-of-type {\n",
       "        vertical-align: middle;\n",
       "    }\n",
       "\n",
       "    .dataframe tbody tr th {\n",
       "        vertical-align: top;\n",
       "    }\n",
